======================= Vehicle 0 =======================
51 0.0 0.0
7 95.5807876259118 0.0
31 107.0 0.0
11 158.76186216294377 0.0
35 167.0 0.0
10 203.4178721592888 0.0
34 219.0 0.0
56 243.26466388209175 12.488262569480725
5 302.84642640156676 0.0
29 322.0 0.0
4 398.0035845286841 0.0
21 405.42734446792116 0.0
20 419.0 0.0
28 424.0 0.0
45 436.99885678465296 0.0
44 451.6489229647224 0.0
1 463.0808077480907 0.0
25 469.18584510696405 0.0
12 558.1626092433239 0.0
8 576.8815958836898 0.0
36 582.0 0.0
32 595.0 0.0
53 720.0 0.0
======================= Vehicle 1 =======================
52 0.0 0.0
17 49.0 0.0
41 66.03177882522384 0.0
19 83.64011270846173 0.0
43 97.12003913950122 0.0
22 105.0 0.0
46 129.38971558950703 0.0
18 220.0 0.0
2 233.87293198727923 0.0
42 241.27064048148392 0.0
26 262.0 0.0
15 275.0 0.0
39 291.66324097716205 0.0
6 323.8097708511186 0.0
30 340.0 0.0
16 345.6210274702872 0.0
13 357.4460739290884 0.0
40 362.24330402008957 0.0
37 379.5346149466631 0.0
23 441.0 0.0
47 455.7042939129193 0.0
14 465.43456441268376 0.0
38 470.14339149580246 0.0
57 511.66684112729524 32.860467643175966
3 518.4635128127592 0.0
27 526.0 0.0
24 603.0 0.0
9 614.9601969844417 0.0
50 625.6827153560612 0.0
33 629.0942502877498 0.0
55 720.0 80.17164627358329
54 720.0 0.0

#Number of served requests: 24
#Total ride time: 434.3586173822962
#Excess ride time: 85.07546099922847
#Objective value: 347.03782828652925
