======================= Vehicle 0 =======================
51 0.0 0.0
17 49.0 0.0
41 66.03177882522384 0.0
19 83.64011270846173 0.0
43 97.12003913950122 0.0
22 105.0 0.0
46 129.38971558950703 0.0
18 220.0 0.0
2 233.87293198727923 0.0
42 241.2706404814839 0.0
26 262.0 0.0
15 275.0 0.0
39 291.66324097716205 0.0
6 321.2000263514307 0.0
30 337.3902555003121 0.0
16 343.01128297059927 0.0
13 354.8363294294005 0.0
40 359.63355952040166 0.0
37 376.9248704469752 0.0
23 441.0 0.0
47 455.7042939129193 0.0
14 465.43456441268376 0.0
38 470.14339149580246 0.0
3 518.4635128127592 0.0
27 526.0 0.0
57 691.4339873537756 159.85576277085036
53 720.0 0.0
======================= Vehicle 1 =======================
52 0.0 0.0
7 95.5807876259118 0.0
31 107.0 0.0
11 158.76186216294377 0.0
35 167.0 0.0
10 203.4178721592888 0.0
34 219.0 0.0
56 286.09791723724936 55.32151592463835
5 302.84642640156676 0.0
29 322.0 0.0
4 398.00358452868386 0.0
21 405.42734446792105 0.0
20 419.0 0.0
28 424.0 0.0
45 436.99885678465296 0.0
44 451.6489229647225 0.0
1 472.89496264112654 0.0
25 479.0 0.0
12 558.1626092433239 0.0
8 576.8815958836898 0.0
36 582.0 0.0
32 595.0 0.0
24 611.4963202392356 0.0
9 623.4565172236775 0.0
50 634.1790355952969 0.0
33 637.5905705269856 0.0
55 713.6985316687473 65.3738577030947
54 720.0 0.0

#Number of served requests: 24
#Total ride time: 442.5511363985834
#Excess ride time: 85.07546099922926
#Objective value: 353.1822175487449
