======================= Vehicle 0 =======================
51 0.0 0.0
16 4.967200016105653 0.0
40 23.291515139464348 0.0
20 49.0 0.0
44 69.1395763366543 0.0
2 108.50427006879761 0.0
26 135.0 0.0
19 160.0 0.0
43 176.84067747619315 0.0
21 183.33324930795266 0.0
45 199.35295579465964 0.0
7 274.0634416280055 0.0
31 292.0 0.0
23 307.4281828921206 0.0
47 313.54341466519946 0.0
4 342.13681202653015 0.0
28 355.0 0.0
3 378.0964363717239 0.0
15 385.0 0.0
39 396.41479185720004 0.0
27 408.1973637470282 0.0
57 451.2639097332432 30.158300430113805
54 451.2639097332432 0.0
======================= Vehicle 1 =======================
52 0.0 0.0
22 43.0 0.0
46 52.983654129465464 0.0
24 107.0 0.0
50 115.37453867787738 0.0
11 126.62814847241066 0.0
35 138.0 0.0
13 156.0 0.0
37 172.65066903122334 0.0
8 218.70408950522892 0.0
32 224.0 0.0
5 332.0723913759426 0.0
29 341.0 0.0
12 344.1637833935416 0.0
36 349.1797836415575 0.0
55 356.63283046367826 0.0
======================= Vehicle 2 =======================
53 0.0 0.0
14 26.0 0.0
38 34.34801580027584 0.0
18 126.84676647217464 0.0
10 142.164155846551 0.0
42 158.32640831335928 0.0
34 168.0 0.0
1 263.3375407169499 0.0
25 270.0 0.0
17 297.0 0.0
41 305.0461562599666 0.0
9 375.0732481288378 0.0
33 383.0 0.0
6 442.60465553113295 0.0
30 450.0 0.0
56 456.01071702423195 0.0

#Number of served requests: 24
#Total ride time: 355.78228753736477
#Excess ride time: 31.872370534343744
#Objective value: 274.8048082866095
