======================= Vehicle 0 =======================
51 0.0 0.0
14 26.0 0.0
38 34.34801580027584 0.0
18 126.84676647217464 0.0
10 142.164155846551 0.0
42 158.32640831335928 0.0
34 168.0 0.0
1 263.3375407169499 0.0
25 270.0 0.0
17 297.0 0.0
41 305.0461562599666 0.0
9 375.0732481288378 0.0
33 383.0 0.0
58 395.8603630014837 7.210623391635193
6 457.60465553113295 0.0
30 465.0 0.0
54 480.0 0.0
======================= Vehicle 1 =======================
52 0.0 0.0
22 43.0 0.0
46 52.983654129465464 0.0
24 107.0 0.0
50 115.37453867787738 0.0
11 126.62814847241066 0.0
35 138.0 0.0
13 171.0 0.0
37 187.65066903122334 0.0
8 233.70408950522892 0.0
32 239.0 0.0
5 332.0723913759426 0.0
29 341.0 0.0
12 347.98399975198413 0.0
36 353.0 0.0
55 480.0 0.0
======================= Vehicle 2 =======================
53 0.0 0.0
16 4.967200016105653 0.0
40 23.291515139464348 0.0
20 49.0 0.0
44 69.1395763366543 0.0
2 108.50427006879761 0.0
26 135.0 0.0
19 160.0 0.0
43 176.84067747619315 0.0
21 183.33324930795266 0.0
45 199.35295579465964 0.0
59 280.3220886167626 75.55890440969057
7 282.63525873588486 0.0
31 300.5718171078794 0.0
23 316.0 0.0
47 322.11523177307885 0.0
4 357.13681202653015 0.0
28 370.0 0.0
3 378.0964363717239 0.0
15 385.0 0.0
39 396.41479185720004 0.0
27 408.1973637470282 0.0
57 457.2379875273223 36.13237822419283
56 480.0 0.0

#Number of served requests: 24
#Total ride time: 357.3334493111799
#Excess ride time: 31.87237053434375
#Objective value: 275.9681796169708
