======================= Vehicle 0 =======================
63 0.0 0.0
24 22.0 0.0
21 26.087060715875612 0.0
51 32.32503801659901 0.0
54 43.939176917266906 0.0
3 57.47116936884035 0.0
19 75.43084383053903 0.0
49 81.60551137218808 0.0
33 86.51930263562303 0.0
70 142.9769483327493 47.20240389524516
1 147.94010548734622 0.0
22 155.94156417456938 0.0
31 164.0 0.0
7 169.0124624220094 0.0
52 179.20957496802396 0.0
37 202.0 0.0
9 251.85983566192326 0.0
14 259.1720904085726 0.0
44 275.8058136344563 0.0
39 284.0 0.0
69 331.23741426891297 33.05785323101884
15 334.76629185250806 0.0
45 346.85359343218505 0.0
11 358.26406577326077 0.0
41 366.0 0.0
17 377.0 0.0
47 387.7549912959332 0.0
23 433.0731657907184 0.0
28 445.0 0.0
58 450.05284802165187 0.0
53 463.53442738737726 0.0
10 537.4080207970854 0.0
30 545.0 0.0
40 554.8575779980981 0.0
62 572.4505741263783 0.0
66 600.0 0.0
======================= Vehicle 1 =======================
64 0.0 0.0
18 17.0 0.0
48 24.90621503809199 0.0
25 123.34262388281729 0.0
16 134.0 0.0
55 148.0792675750701 0.0
46 166.2914144321051 0.0
4 200.10741781467271 0.0
34 223.0 0.0
12 257.61377443945395 0.0
42 276.0 0.0
5 418.4076139986898 0.0
2 434.9373168039993 0.0
35 444.8913731742051 0.0
32 456.0 0.0
67 600.0 0.0
======================= Vehicle 2 =======================
65 0.0 0.0
8 157.03790779169464 0.0
38 172.0 0.0
29 179.42789453352268 0.0
59 186.96299243764778 0.0
6 224.3378004145486 0.0
36 238.0 0.0
13 324.6323861782694 0.0
43 339.0 0.0
27 411.0 0.0
26 419.14020174701346 0.0
57 434.3941588629822 0.0
56 449.57082975448617 0.0
20 515.0 0.0
50 532.0666494233701 0.0
68 600.0 0.0

#Number of served requests: 30
#Total ride time: 500.7955712658827
#Excess ride time: 150.99173538686696
#Objective value: 413.3446122961288
