======================= Vehicle 0 =======================
51 0.0 0.0
3 149.31799075762078 0.0
27 160.0 0.0
6 274.18187045626394 0.0
30 290.0 0.0
11 327.40790082437593 0.0
35 344.0 0.0
55 360.0 0.0
======================= Vehicle 1 =======================
52 0.0 0.0
14 157.0 0.0
20 169.97562078268817 0.0
44 182.75017555515734 0.0
38 189.20526006931902 0.0
18 298.76406346130375 0.0
4 305.5426880788068 0.0
42 318.42142848434435 0.0
28 326.79995253839485 0.0
8 340.87728782265884 0.0
32 353.6432071854224 0.0
56 360.0 0.0
======================= Vehicle 2 =======================
53 0.0 0.0
24 10.156195399853233 0.0
50 27.16996352266731 0.0
16 47.82677220940343 0.0
15 60.61422264350526 0.0
40 73.24474459197721 0.0
39 83.31858690008671 0.0
12 114.8618714496424 0.0
36 123.0 0.0
10 147.45047742437436 0.0
34 154.03199511943046 0.0
5 163.80833579858762 0.0
29 179.0 0.0
9 220.9109345214123 0.0
17 229.38746234476898 0.0
33 235.0 0.0
41 253.15356816066765 0.0
59 325.8312790268505 62.677486869766696
57 360.0 0.0
======================= Vehicle 3 =======================
54 0.0 0.0
19 10.0 0.0
43 21.50565582421485 0.0
23 52.0 0.0
47 58.82304590608065 0.0
60 86.93716614345502 23.710631726555707
2 147.1774583063098 0.0
26 154.0 0.0
1 193.03938305123623 0.0
21 206.0 0.0
45 218.65377568622765 0.0
25 226.0 0.0
22 232.0 0.0
46 248.25591660353973 0.0
7 269.74700654901716 0.0
31 280.0 0.0
13 292.84393889660026 0.0
37 314.1902302929561 0.0
61 344.1326167487493 21.814712031651176
58 360.0 0.0

#Number of served requests: 24
#Total ride time: 401.9793633775032
#Excess ride time: 60.681607407276466
#Objective value: 316.6549243849465
